                           1 1
                          0
                          10
                           00
                     1101   10
                    11  10   10          11
                         0   10        0
                     1  01   01        01
                      001  101    11    11
                    100   101   0000001 10
                    01   101   00     11
                   10    00    01
                    01  100    01  1011
          111111111 10   101  10  1011101
         10101110001 00  10  00  10     0
       0001111111001 00  0  00  101     11 1
     111111111111111    00  0  00
    101111111111111     0   1  0
    00111111111111111   01     0  10
   0111111111111111101   1       111
  0111111111111111111001        01111
  1   1111111111111111111111 10111011
      11111111111111111 11101101 1111
00  11001   10011001  1110011111 1011
00011101       00   1111111111111011
  1  100       101  111 11111111111
  1   100      001      10001   01
  1   101001110110      101    001
 11  11111111101001 111 101   1101
10000000001 10001      11   1000
  111111111   11       0011000011
11            01101    100001101
 001        110111
00111111111111111
110110000000111
   1111111
