                           11
                          0
                          10
                       111 10
                         0  0     1
                       101 00     11
                      10  00 1010110
                      0  00  0
                      0  00  0  011
               1000000 0 10 0110  11
              00000001 1 0 0 10    11
            1000000001  10   0
            00000000000  1     01
          101000111000001     001
             10100000011110001101
         10 100  10001 1100001101
          11 00    01  110000101
             101   01    001 10
          01 100000001  10  101
          100000  101   01 000
          1       100   100111
          00 1111000
          10000001
